 9 50 72 76 8
 31 53 57 60 8
 10 25 38 46 5
 41 45 51 54 8
 18 24 30 43 7
 2 18 45 51 7
 2 5 17 24 7
 14 54 60 78 8
 5 10 23 51 5
 10 57 70 75 8
 4 38 42 64 7
 8 50 69 72 8
 20 26 38 41 5
 1 19 70 80 8
 17 20 32 76 8
 2 13 67 70 8
 33 52 67 77 8
 3 32 50 59 6
 3 34 46 62 7
 2 5 37 57 6
 10 18 26 36 3
 1 48 61 62 7
 19 30 43 58 6
 27 29 47 59 8
 3 26 28 42 4
 15 16 36 60 7
 18 55 56 83 9
 12 25 30 46 5
 1 19 20 27 3
 18 37 44 52 7
 8 65 67 69 8
 2 50 55 65 8
 25 56 57 81 8
 21 23 29 46 4
 2 33 38 70 7
 6 18 35 74 9
 18 31 36 52 5
 11 41 42 45 7
 13 17 19 46 6
 18 19 22 62 6
 1 45 64 73 8
 18 31 46 49 8
 18 27 52 57 7
 27 35 42 55 7
 3 50 55 57 5
 63 68 69 75 8
 5 19 23 25 6
 46 54 55 70 8
 10 11 29 35 4
 6 7 40 57 6
 3 4 55 56 6
 7 19 23 44 6
 37 45 59 65 7
 25 38 43 57 7
 9 19 57 61 6
 14 30 51 62 7
 37 62 66 85 9
 27 49 72 79 8
 10 17 61 63 7
 4 31 38 75 8
 8 14 19 30 3
 27 32 36 39 5
 2 7 12 25 7
 7 39 40 58 6
 3 16 27 45 8
 19 53 60 66 6
 24 36 63 70 8
 6 52 57 68 8
 20 28 47 51 7
 23 60 76 84 8
 6 15 22 33 4
 13 21 44 47 5
 13 47 68 70 8
 45 52 59 69 8
 12 26 65 66 8
 3 35 37 43 5
 1 11 19 31 3
 2 3 32 59 7
 16 27 45 53 7
 30 55 59 71 8
 2 27 28 32 9
 12 38 45 66 7
 4 7 19 58 6
 11 16 39 49 7
 29 40 46 72 9
 5 20 22 49 7
 4 20 28 40 5
 19 20 30 43 6
 23 26 27 86 8
 5 10 54 59 8
 3 26 31 46 6
 3 59 63 66 8
 40 44 62 75 8
 2 10 39 44 6
 15 39 42 52 5
 23 32 37 62 7
 15 18 19 29 3
 38 43 48 57 7
 1 12 42 71 8
 24 42 46 47 8
 8 14 24 32 5
 5 15 38 51 7
 43 50 66 78 8
 8 24 51 86 8
 12 30 51 66 7
 11 14 37 57 5
 6 13 34 39 5
 11 59 61 74 8
 20 43 44 46 5
 7 31 36 48 6
 9 17 69 72 8
 30 31 35 43 5
 7 25 34 37 4
 5 31 64 76 8
 17 21 70 77 8
 1 15 48 53 6
 26 66 77 82 8
 15 24 48 59 6
 10 12 22 39 6
 12 25 31 56 5
 42 44 49 70 7
 30 31 39 78 8
 22 59 62 80 9
 16 30 32 49 7
 2 13 15 36 6
 55 68 76 78 8
 14 27 64 70 8
 8 12 38 45 8
 13 15 30 31 4
 13 26 42 79 8
 9 30 39 52 7
 13 50 53 59 7
 23 26 33 53 6
 12 37 62 82 8
 25 39 45 54 6
 20 23 39 70 7
 18 33 53 75 8
 26 39 40 52 5
 1 30 37 55 8
 3 45 56 57 8
 1 15 45 68 7
 2 12 23 57 7
 6 18 26 76 7
 6 15 23 43 6
 2 3 47 61 6
 3 19 41 55 6
 1 31 55 77 8
 7 14 19 37 4
 21 33 43 56 7
 4 20 24 36 3
 4 12 31 75 8
 28 47 58 72 7
 34 41 56 59 6
 5 15 32 52 8
 5 16 70 82 8
 20 31 34 69 8
 15 33 56 60 7
 20 26 59 72 7
 16 24 40 64 7
 9 16 49 54 6
 3 15 19 63 8
 15 18 37 48 7
 47 51 53 57 6
 6 23 41 81 8
 18 28 29 33 5
 2 12 29 68 8
 28 38 52 56 6
 39 62 73 83 9
 1 7 30 44 6
 24 75 83 84 8
 7 26 37 81 8
 11 42 53 64 6
 16 23 26 74 7
 16 22 28 40 5
 7 33 35 83 8
 19 43 46 47 5
 20 44 52 65 8
 17 29 74 76 8
 11 12 31 49 5
 19 24 47 60 8
 19 26 53 60 8
 14 21 22 58 6
 18 20 30 42 5
 23 30 45 56 7
 11 36 43 63 6
 1 25 27 69 8
 21 36 68 69 8
 1 6 23 46 5
 24 25 43 60 8
 1 23 39 50 6
 35 75 80 84 8
 15 17 68 71 8
 5 44 63 73 8
 39 45 57 77 8
 45 67 69 76 8
 2 18 43 48 5
 7 18 59 60 6
 3 29 66 79 8
 40 54 60 64 6
 4 15 24 78 8
 7 21 48 55 8
 10 30 44 65 6
 12 41 59 61 6
 45 56 65 81 8
 19 32 36 52 7
 12 18 25 40 6
 2 4 61 62 8
 4 24 32 46 8
 9 18 45 57 7
 2 6 34 35 7
 4 34 48 66 8
 6 11 40 47 8
 6 26 27 33 7
 4 26 67 68 7
 24 37 39 48 7
 1 4 40 57 7
 33 59 63 76 8
 4 22 32 33 3
 3 20 27 42 5
 16 50 74 76 7
 35 57 74 84 8
 7 10 56 58 8
 35 59 78 85 8
 23 65 75 84 8
 20 56 63 68 8
 7 14 50 68 9
 28 50 64 79 8
 28 55 57 82 8
 4 20 43 52 8
 37 50 65 87 8
 2 22 36 60 7
 15 52 55 71 8
 15 20 37 42 5
 11 42 45 63 7
 2 13 72 83 8
 9 33 42 68 7
 8 10 51 59 7
 22 29 40 48 8
 6 22 23 47 8
 26 39 41 84 8
 1 19 34 51 6
 35 60 74 77 8
 2 34 66 77 8
 24 29 53 71 7
 40 54 73 81 8
 18 41 42 52 8
 17 31 32 53 7
 1 56 69 75 7
 5 22 51 70 7
 15 38 66 70 7
 5 15 36 73 7
 1 2 18 58 7
 12 21 33 57 5
 26 39 70 71 8
 3 10 48 61 7
 5 30 55 70 8
 4 8 31 81 8
 4 17 70 71 7
 11 30 63 66 8
 4 28 38 69 7
 37 45 48 52 7
 2 60 66 73 8
 24 26 39 40 7
 1 15 22 50 8
 15 41 43 45 8
 6 28 38 49 6
 12 23 30 33 6
 2 8 38 44 5
 10 29 62 74 8
 13 19 31 53 7
 26 30 36 41 8
 1 7 14 35 4
 25 32 36 43 6
 15 37 46 55 5
 3 11 16 22 8
 13 19 26 53 7
 39 42 47 81 8
 2 9 11 37 4
 1 3 38 63 7
 11 23 32 66 7
 25 49 76 78 8
 3 53 73 76 8
 14 17 21 28 5
 11 18 26 67 8
 4 44 65 73 8
 31 46 70 74 7
 9 18 76 85 9
 17 19 29 36 7
 4 6 52 77 7
 15 37 51 83 8
 2 30 50 72 8
 24 52 58 61 7
 1 10 42 55 7
 18 36 49 64 8
 18 23 45 53 6
 28 38 55 68 8
 8 22 53 63 7
 10 61 71 77 8
 1 29 50 55 7
 20 24 61 86 9
 9 24 54 79 8
 4 9 29 64 6
 13 26 27 30 4
 12 38 39 57 7
 3 16 31 52 5
 8 9 54 69 8
 25 35 42 57 8
 13 17 42 43 4
 5 42 46 71 8
 4 22 68 72 8
 6 28 33 41 4
 3 25 48 55 8
 21 38 46 61 6
 15 19 45 63 6
 60 73 75 82 8
 55 61 63 86 9
 6 32 57 66 7
 5 35 47 66 7
 18 19 54 57 8
 4 27 29 62 7
 15 28 51 52 7
 1 6 8 59 7
 16 24 33 54 8
 9 16 26 73 7
 1 11 21 29 8
 9 14 15 26 4
 9 12 35 56 5
 11 34 41 56 6
 4 43 61 77 8
 1 2 16 51 9
 15 23 41 67 7
 25 29 48 66 8
 1 6 20 33 3
 4 28 58 59 8
 2 54 66 78 8
 4 9 13 32 7
 3 4 32 83 9
 1 7 17 40 8
 31 37 66 73 7
 25 66 76 77 9
 1 13 33 46 5
 2 38 44 61 7
 27 33 38 71 8
 10 16 29 34 4
 20 43 53 54 5
 17 21 57 62 7
 4 7 31 54 5
 7 11 15 66 7
 14 32 53 70 8
 20 44 52 74 8
 26 31 33 36 3
 11 25 57 79 8
 7 22 79 86 8
 5 19 26 62 6
 4 16 22 39 6
 18 22 29 47 5
 27 43 53 74 7
 2 29 31 43 8
 16 43 48 76 8
 4 41 56 84 8
 9 12 36 51 6
 26 34 66 67 8
 1 23 24 39 6
 1 15 43 44 5
 11 24 31 60 8
 10 13 28 52 6
 9 13 16 39 6
 9 13 29 33 6
 9 22 24 49 8
 2 9 39 69 7
 5 14 36 46 5
 31 52 55 59 6
 11 27 69 72 7
 1 25 38 71 7
 33 45 57 73 8
 22 31 53 67 8
 34 41 61 76 8
 22 23 31 42 7
 3 40 57 75 8
 11 20 44 46 8
 7 16 33 65 7
 1 33 42 65 7
 2 38 40 50 8
 32 37 48 70 8
 14 24 64 74 8
 2 23 26 27 5
 20 27 63 81 8
 4 7 56 71 8
 5 16 30 50 5
 3 15 16 56 8
 27 33 39 65 8
 4 8 18 86 8
 3 11 28 43 7
 53 57 62 82 9
 4 44 47 63 8
 10 53 54 65 7
 7 8 24 56 8
 11 36 38 79 8
 29 55 64 77 8
 16 51 69 78 8
 10 14 28 35 4
 9 29 57 69 7
 10 34 42 66 8
 10 23 29 58 6
 11 13 49 57 6
 12 27 44 52 5
 2 24 26 34 8
 14 16 28 46 5
 3 18 20 71 8
 10 23 61 68 7
 5 24 59 62 8
 18 42 45 72 8
 4 14 27 38 4
 9 12 15 49 6
 15 17 34 80 9
 11 13 18 39 7
 40 50 70 73 8
 6 27 60 71 8
 4 21 26 71 8
 9 34 50 63 9
 1 15 26 55 5
 15 22 23 70 8
 28 34 36 42 8
 25 30 40 55 7
 11 21 32 84 8
 1 18 30 69 9
 25 38 51 55 8
 27 37 39 57 6
 9 35 42 87 8
 2 4 17 25 4
 3 11 24 35 7
 17 26 57 59 7
 28 30 35 46 8
 1 3 47 76 7
 40 46 63 71 7
 13 14 39 81 8
 20 41 44 68 7
 24 56 73 89 9
 21 24 26 35 7
 9 62 69 83 9
 10 16 25 36 5
 19 29 47 54 8
 31 44 71 73 8
 11 24 42 59 7
 1 6 18 35 7
 46 65 75 84 8
 52 54 72 77 8
 9 14 21 55 7
 21 41 45 49 6
 3 10 14 30 6
 14 30 47 58 7
 14 20 30 55 7
 7 49 63 64 7
 13 49 66 75 7
 22 39 49 60 7
 11 24 38 39 8
 18 36 65 79 8
 8 13 39 43 6
 16 22 62 79 9
 1 8 34 74 8
 14 23 72 85 8
 2 32 47 61 6
 16 43 56 57 8
 45 54 79 81 8
 27 36 37 55 5
 5 21 35 62 7
 52 54 65 72 8
 14 41 48 50 5
 4 27 29 74 8
 20 25 31 60 7
 5 13 21 27 8
 14 27 40 52 7
 25 42 48 73 8
 15 17 37 48 5
 5 24 30 44 5
 1 6 14 18 8
 3 39 40 82 8
 25 38 40 55 7
 11 12 35 61 7
 13 37 51 59 6
 19 21 42 73 8
 4 12 45 65 6
 17 38 39 55 8
 16 35 54 65 6
 17 18 66 73 9
 15 22 63 81 8
 13 16 46 65 6
 34 45 76 77 8
 36 44 47 83 8
 2 15 29 73 7
 4 17 19 53 6
 11 62 69 74 9
 38 49 73 78 8
 11 17 69 71 8
 1 29 34 73 8
 15 28 35 65 7
 9 22 55 70 7
 10 24 51 57 7
 12 22 28 56 6
 15 23 34 44 6
 8 11 13 21 4
 3 10 66 69 8
 24 28 34 49 5
 9 29 38 80 8
 8 46 56 79 8
 13 35 61 64 6
 50 53 63 79 8
 9 33 61 72 9
 44 71 73 76 8
 3 7 8 16 5
 19 27 40 80 8
 52 55 56 64 8
 21 45 52 69 8
 13 63 65 66 7
 1 33 49 56 6
 35 36 42 47 6
 5 19 21 44 6
 13 35 39 42 5
 6 19 31 72 8
 3 18 19 60 7
 7 11 16 50 8
 38 45 56 63 7
 5 30 72 87 8
 5 14 15 56 7
 36 40 52 79 8
 15 22 28 41 5
 33 37 40 51 5
 4 51 66 74 8
 34 44 55 62 7
 3 19 50 59 7
 31 44 55 67 7
 8 36 44 55 7
 3 33 53 60 6
 4 16 22 48 8
 17 18 40 42 5
 4 32 34 36 7
 22 32 51 75 8
 2 9 28 30 7
 3 31 39 73 8
 6 15 36 38 7
 11 12 28 64 8
 4 10 37 42 5
 12 17 45 59 7
 17 24 47 68 8
 7 24 36 57 7
 18 35 56 88 9
 4 29 33 44 7
 27 36 57 71 8
 7 8 69 80 8
 14 16 32 53 5
 1 6 62 72 7
 41 50 80 83 8
 41 47 77 82 8
 3 4 25 29 6
 37 50 69 77 8
 9 27 59 72 7
 16 20 41 59 6
 2 19 63 72 8
 21 29 58 62 7
 2 16 36 37 7
 19 37 49 86 8
 8 27 28 33 5
 9 20 47 50 7
 14 30 32 37 6
 31 32 54 76 8
 2 8 37 38 5
 30 33 40 55 8
 22 66 67 87 8
 30 42 60 75 8
 38 55 65 66 6
 24 48 50 55 8
 8 11 17 45 8
 16 60 65 77 7
 11 13 22 38 4
 49 61 66 69 7
 27 29 34 37 5
 23 47 61 69 8
 28 38 47 62 7
 56 67 72 75 8
 1 27 29 74 7
 7 10 53 56 6
 2 5 17 36 7
 31 32 44 68 7
 18 27 31 38 4
 12 26 69 70 7
 6 75 82 83 8
 1 32 33 40 6
 16 38 48 56 6
 7 44 46 77 8
 26 43 57 64 7
 6 25 32 43 8
 18 26 49 68 7
 9 23 37 40 8
 10 27 32 59 7
 33 55 62 86 8
 11 26 35 51 8
 39 43 51 63 7
 9 29 37 52 6
 4 19 38 40 6
 10 21 49 56 6
 1 24 49 67 7
 2 11 25 32 6
 22 30 34 39 7
 2 18 32 55 5
 28 33 65 86 8
 6 29 58 71 8
 12 35 41 44 7
 19 20 28 63 8
 10 23 47 58 8
 5 40 66 81 8
 24 38 45 48 8
 27 31 41 49 6
 1 6 27 40 5
 13 36 53 59 7
 38 47 49 58 6
 36 46 55 59 7
 13 70 72 76 7
 30 42 61 65 6
 22 36 40 55 6
 20 33 51 76 7
 8 13 47 56 8
 11 20 27 32 5
 11 24 34 64 8
 9 20 21 59 6
 12 26 36 46 4
 24 31 67 71 7
 4 15 46 49 5
 1 4 8 69 7
 12 28 34 61 7
 24 33 34 39 5
 23 25 28 66 7
 3 14 24 73 8
 13 40 55 56 7
 32 45 55 70 7
 59 68 75 80 8
 20 22 23 50 6
 16 30 81 83 8
 20 40 52 54 9
 7 24 25 50 7
 10 29 60 74 8
 25 28 45 55 7
 7 12 18 38 9
 6 24 25 53 7
 17 18 28 35 9
 7 29 30 77 8
 17 18 51 52 7
 4 56 74 77 8
 23 33 34 71 8
 1 5 22 44 8
 2 6 47 74 8
 7 37 40 46 5
 7 20 35 58 8
 1 45 60 61 8
 25 35 37 74 8
 32 41 59 66 7
 18 38 41 67 8
 55 56 58 61 7
 20 32 43 65 7
 46 50 58 62 7
 12 60 66 67 7
 17 60 66 71 8
 4 23 42 61 6
 23 31 42 73 8
 3 21 28 30 3
 2 23 65 71 8
 13 33 73 77 7
 10 21 29 40 8
 21 29 37 48 6
 7 21 33 39 8
 54 56 57 59 7
 1 28 47 56 7
 5 12 31 53 6
 18 42 54 83 8
 37 42 44 61 6
 3 17 20 37 4
 33 42 50 69 8
 2 3 53 60 6
 17 18 33 41 5
 22 26 43 74 8
 3 5 13 60 8
 14 26 48 71 8
 15 20 25 47 6
 5 21 43 52 6
 8 25 64 72 7
 8 17 35 49 6
 11 24 34 41 8
 12 21 42 43 6
 20 21 41 62 7
 11 37 40 52 7
 23 24 51 59 7
 13 15 16 28 5
 11 12 18 76 7
 39 58 61 62 7
 52 55 60 67 8
 3 10 27 36 5
 9 28 56 87 9
 41 47 59 71 7
 6 11 30 78 8
 10 16 47 67 7
 6 19 47 52 8
 5 30 32 49 7
 6 56 71 81 8
 1 17 37 49 6
 3 25 51 80 8
 15 37 39 80 8
 27 31 54 66 7
 28 38 65 77 9
 6 33 43 73 7
 1 37 41 72 7
 22 35 43 50 6
 27 52 54 61 9
 26 37 53 65 7
 50 71 75 79 8
 2 3 24 58 8
 2 19 49 53 5
 27 35 39 68 7
 6 13 55 66 8
 13 51 55 62 7
 12 13 19 28 8
 18 20 61 77 9
 20 31 36 61 6
 27 30 32 47 9
 2 6 43 72 8
 2 28 29 45 8
 22 36 63 68 7
 10 22 43 52 6
 25 27 54 72 8
 2 15 32 42 7
 24 50 54 60 7
 1 21 25 60 7
 42 51 56 63 8
 8 23 25 54 7
 19 27 51 70 8
 28 52 69 70 9
 56 77 79 85 8
 11 31 45 53 8
 5 16 52 58 6
 31 36 48 50 5
 6 20 26 72 8
 5 11 50 67 6
 19 52 63 72 8
 12 55 71 74 8
 6 22 26 28 3
 47 60 66 81 8
 14 26 43 62 8
 4 40 42 51 7
 3 16 45 46 6
 2 32 36 41 4
 1 6 25 29 4
 4 20 43 58 6
 3 15 39 67 7
 25 27 73 76 7
 13 45 48 54 9
 35 38 46 61 6
 12 36 40 71 7
 14 19 44 45 6
 22 23 51 78 8
 5 7 46 52 8
 3 18 58 59 7
 12 27 56 58 6
 5 12 15 17 6
 1 12 24 52 8
 13 15 28 45 7
 10 31 45 71 7
 4 9 11 37 5
 12 28 37 61 8
 21 26 27 42 7
 15 32 42 47 5
 24 61 68 75 8
 38 57 58 62 6
 1 9 34 35 8
 13 28 52 75 8
 7 10 18 33 4
 17 57 59 60 7
 10 43 59 80 8
 11 25 32 78 8
 23 36 54 55 7
 12 38 62 64 7
 58 66 68 83 8
 17 32 34 82 8
 17 53 60 79 8
 12 36 61 69 8
 15 18 60 74 7
 7 8 11 29 9
 5 17 32 35 8
 42 54 62 68 7
 32 35 54 68 7
 4 10 20 59 7
 44 50 82 85 8
 14 28 31 78 8
 30 39 55 57 8
 6 9 64 67 7
 9 22 58 69 7
 22 32 56 61 7
 36 50 51 80 8
 23 50 76 79 8
 17 35 58 59 6
 4 9 18 25 6
 3 21 35 40 4
 46 47 70 77 7
 21 44 53 56 7
 3 49 64 76 9
 17 29 64 70 8
 28 34 39 40 8
 18 47 49 55 6
 13 17 20 82 8
 7 23 27 35 6
 18 38 45 58 8
 16 18 50 69 8
 5 16 26 50 7
 15 48 65 67 8
 13 31 43 53 6
 1 47 58 86 9
 20 23 51 59 6
 25 42 48 52 9
 5 11 47 48 7
 15 29 37 39 5
 4 30 47 67 8
 19 57 59 73 7
 10 19 57 64 8
 14 16 33 78 8
 4 11 31 37 6
 11 16 34 42 5
 1 5 34 66 7
 8 10 70 76 8
 4 22 30 67 8
 16 29 53 57 8
 7 27 40 49 7
 17 21 32 63 7
 24 30 37 54 8
 14 25 42 52 6
 5 11 57 67 7
 41 65 66 75 8
 22 23 50 82 9
 4 27 36 63 7
 6 20 36 69 8
 2 13 34 57 7
 6 30 68 74 8
 2 32 36 39 5
 17 40 45 50 5
 12 13 53 62 6
 42 48 57 73 8
 28 40 58 64 6
 48 54 57 60 9
 4 41 55 58 8
 22 25 48 70 7
 25 42 48 54 8
 16 34 38 49 7
 13 19 66 77 7
 29 55 64 66 7
 11 27 84 85 8
 27 32 35 82 8
 17 30 54 68 8
 27 48 61 63 8
 2 45 62 66 9
 36 79 82 85 8
 7 50 58 60 8
 29 39 43 55 6
 11 17 68 88 8
 8 20 38 59 6
 1 17 20 37 6
 13 15 41 61 7
 7 42 49 55 7
 10 37 48 65 8
 32 41 53 59 6
 14 20 45 57 7
 48 56 76 79 8
 9 20 22 27 3
 3 19 28 57 6
 12 19 27 31 3
 2 4 17 25 6
 10 13 28 55 7
 26 31 53 72 7
 26 27 42 55 8
 32 47 55 74 7
 15 29 45 77 8
 1 10 28 31 5
 15 26 27 31 6
 12 41 43 57 6
 7 41 70 71 8
 2 33 38 39 5
 10 17 46 47 7
 10 34 54 75 7
 7 22 24 43 8
 1 35 61 77 8
 6 17 50 55 8
 12 16 34 40 9
 5 9 22 25 3
 5 6 47 58 7
 6 46 59 67 7
 29 39 51 64 8
 2 12 31 46 8
 2 10 49 66 7
 58 75 81 82 8
 53 61 70 75 8
 1 13 35 41 5
 9 20 36 52 8
 5 23 37 45 8
 15 26 42 66 8
 4 40 79 85 8
 9 12 44 56 8
 5 24 77 84 8
 14 65 67 70 7
 17 20 25 62 7
 3 27 42 53 7
 6 9 26 84 8
 21 25 35 41 6
 11 64 71 72 8
 35 46 51 56 6
 6 57 60 67 7
 26 35 59 77 8
 2 6 19 44 5
 27 33 66 76 8
 11 30 60 83 8
 31 40 76 84 8
 24 30 40 81 8
 3 20 34 39 7
 2 15 36 48 7
 8 13 18 54 7
 31 64 72 75 8
 1 26 41 45 7
 9 18 21 52 5
 7 25 43 65 7
 30 41 57 62 8
 26 30 69 82 8
 9 11 18 24 5
 12 26 28 35 4
 8 24 32 45 6
 10 12 25 41 8
 15 43 54 69 7
 7 10 32 71 8
 3 13 30 45 4
 39 49 52 66 7
 1 14 46 59 6
 4 18 21 24 2
 22 33 45 66 8
 1 5 13 55 7
 17 54 60 61 9
 23 51 70 71 7
 57 59 67 88 9
 36 40 42 62 6
 13 44 47 79 8
 23 28 40 44 5
 35 44 56 66 7
 4 21 25 34 7
 30 40 41 43 7
 14 26 59 75 8
 15 31 32 52 6
 23 50 55 67 8
 6 16 26 39 6
 16 22 56 57 8
 47 48 51 66 8
 9 35 44 49 5
 12 19 20 70 7
 10 11 21 54 6
 2 23 76 82 8
 31 37 44 73 8
 21 50 59 78 8
 8 45 51 56 7
 11 23 24 31 6
 11 39 46 50 6
 8 11 51 75 8
 18 57 62 75 7
 10 22 27 28 8
 25 43 56 66 7
 15 61 67 71 8
 3 19 35 56 6
 16 38 58 73 8
 14 32 49 72 7
 25 58 81 88 9
 2 30 55 57 6
 34 42 55 79 8
 30 33 83 88 8
 23 40 62 77 8
 32 34 78 88 8
 2 15 38 60 7
 3 19 27 28 7
 17 39 43 55 7
 22 28 38 42 7
 28 30 31 77 8
 8 14 43 48 5
 40 58 66 69 7
 33 38 46 67 7
 2 29 40 62 6
 36 38 42 54 6
 26 43 54 56 7
 1 3 10 25 6
 11 13 45 67 7
 4 17 23 47 6
 1 14 22 72 8
 7 14 33 64 8
 16 27 33 34 4
 28 35 69 81 8
 5 47 62 75 8
 22 31 50 60 6
 4 6 27 68 8
 11 40 45 72 8
 10 29 44 52 7
 13 22 38 65 9
 7 29 40 63 7
 29 40 51 65 6
 14 27 41 56 7
 23 26 49 68 7
 19 28 56 72 8
 21 25 39 45 5
 2 5 20 42 7
 26 37 40 72 8
 10 24 32 67 7
 20 32 71 78 8
 24 52 77 80 8
 29 35 50 72 8
 30 50 55 76 7
 19 21 52 82 8
 5 30 61 63 8
 20 28 44 46 8
 1 52 67 68 8
 46 47 62 67 8
 9 20 59 60 7
 19 20 56 76 7
 22 50 54 57 8
 4 12 43 62 7
 12 24 66 77 8
 14 19 20 73 7
 14 44 46 52 7
 14 32 35 66 8
 1 39 53 68 7
 38 42 48 51 8
 8 13 29 47 8
 18 19 61 68 7
 8 9 32 49 6
 21 26 44 49 8
 24 35 41 52 6
 5 40 46 54 9
 12 62 69 72 8
 6 42 57 58 7
 26 32 34 52 8
 14 33 70 73 8
 8 21 27 46 5
 16 37 71 72 8
 5 32 38 64 8
 61 65 74 83 8
 11 13 66 80 8
 1 9 48 54 8
 46 64 65 77 8
 19 23 47 72 7
 8 43 78 87 9
 1 3 21 43 5
 22 23 54 62 6
 6 16 26 42 7
 17 69 75 80 8
 12 57 79 82 8
 27 33 52 72 7
 16 26 33 66 7
 24 48 60 66 8
 24 25 33 50 6
 13 51 69 71 7
 8 13 42 70 8
 5 11 44 56 7
 27 34 49 63 6
 8 37 44 51 8
 15 31 39 51 7
 6 20 40 46 4
 7 32 63 77 8
 27 52 53 57 6
 2 17 28 77 7
 23 28 44 55 7
 7 14 27 45 5
 42 52 62 83 9
 22 52 65 66 7
 23 45 62 74 8
 3 12 22 29 3
 6 15 23 69 9
 16 45 51 52 9
 14 29 40 55 7
 20 35 48 66 8
 1 4 33 67 7
 39 55 58 71 7
 9 27 33 40 5
 16 50 66 73 7
 2 19 69 85 8
 7 11 33 78 8
 10 20 40 54 8
 5 25 35 39 5
 5 10 45 71 7
 5 19 49 85 9
 47 56 62 67 7
 27 29 49 72 7
 30 42 63 64 7
 12 28 35 41 5
 11 27 57 68 7
 6 11 29 35 8
 31 34 43 74 9
 11 22 73 75 7
 50 53 64 68 7
 16 42 63 65 7
 2 26 36 37 7
 7 23 72 76 8
 11 54 72 79 8
 3 10 12 15 8
 6 10 41 45 8
 11 15 31 41 7
 43 61 77 82 8
 16 22 32 51 7
 7 12 38 54 5
 4 18 43 68 8
 12 43 58 69 7
 5 13 14 63 6
 5 14 35 85 8
 13 18 23 43 7
 21 35 45 48 6
 37 64 65 72 8
 10 12 31 67 7
 3 26 28 47 8
 7 9 35 59 7
 12 58 76 78 8
 21 43 44 52 8
 7 21 39 56 6
 14 46 50 68 7
 2 25 29 83 8
 14 20 34 71 8
 30 44 53 77 8
 15 33 36 48 8
 16 39 59 63 6
 7 35 68 75 8
 13 22 47 67 6
 29 58 62 70 7
 15 16 47 58 6
 7 8 19 29 5
 10 12 18 51 7
 3 8 16 29 3
 8 10 54 63 6
 10 25 26 72 7
 19 49 69 83 8
 21 26 54 58 5
 8 43 54 59 8
 11 20 36 82 9
 5 46 47 55 7
 26 50 66 74 8
 11 40 44 68 8
 14 38 52 54 8
 1 5 11 40 6
 13 42 51 66 8
 29 44 51 52 8
 10 16 27 43 7
 25 29 68 71 8
 26 60 61 67 8
 1 34 64 73 8
 9 28 33 42 6
 6 35 37 62 7
 1 12 22 48 6
 3 41 49 61 7
 15 36 52 56 8
 9 17 33 60 6
 20 21 27 59 6
 7 74 79 87 9
 32 36 42 51 6
 15 34 50 78 8
 2 27 35 39 5
 19 23 38 46 6
 31 44 52 54 7
 1 4 39 54 7
 6 22 65 78 7
 7 32 54 60 7
 32 49 53 78 8
 1 46 59 69 8
 33 47 64 71 8
 4 7 30 58 7
 20 37 39 62 7
 4 15 18 61 6
 14 25 28 43 5
 9 34 37 81 8
 16 40 77 86 8
 7 10 38 66 7
 3 36 39 42 4
 4 21 30 34 4
 6 12 26 45 8
 6 53 69 80 8
 7 28 42 43 6
 36 42 85 89 9
 29 47 57 62 6
 15 18 42 43 5
 36 44 47 49 9
 8 20 47 48 5
 10 51 72 73 8
 8 22 32 50 5
 9 10 18 63 8
 38 68 78 85 9
 2 19 26 28 6
 1 2 5 15 4
 7 8 23 33 4
 1 10 17 24 7
 21 29 34 35 4
 29 41 51 65 6
 3 53 54 55 5
 40 56 64 68 8
 5 25 36 54 6
 25 33 48 79 8
 40 58 69 82 8
 27 57 69 76 8
 28 47 61 72 7
 22 53 77 78 8
 6 16 18 23 4
 3 5 36 55 7
 4 31 33 58 7
 5 47 51 72 8
 21 33 59 71 8
 7 11 29 49 5
 13 47 50 67 7
 1 8 14 17 3
 13 22 45 47 8
 3 52 64 74 7
 16 45 52 87 9
 41 43 44 54 5
 1 4 5 22 3
 12 20 44 81 8
 4 5 29 75 9
 7 25 28 36 8
 1 20 29 35 4
 35 55 60 79 8
 24 55 78 79 8
 16 33 44 76 8
 6 8 32 53 9
 33 34 56 62 8
 10 46 59 63 8
 4 19 21 49 6
 29 34 37 47 9
 5 9 35 36 6
 19 21 37 42 7
 5 25 32 63 7
 7 14 60 66 8
 16 19 41 44 8
 35 48 71 78 8
 10 20 22 48 7
 8 45 58 72 8
 11 47 56 64 7
 39 54 58 73 7
 34 58 61 65 7
 7 22 45 49 8
 6 14 39 50 6
 16 48 49 71 8
 9 12 14 17 4
 10 19 71 76 8
 9 24 42 57 6
 13 36 45 48 6
 5 31 43 69 7
 5 27 59 87 8
 26 33 38 43 5
 24 38 39 60 6
 5 39 63 80 8
 23 32 48 61 9
 1 30 60 70 8
 8 61 73 74 8
 13 34 67 68 7
 16 21 25 37 8
 28 39 55 68 7
 11 15 16 38 6
 29 42 69 85 8
 21 43 56 65 6
 7 10 26 63 7
 9 11 44 49 8
 19 41 57 64 7
 11 54 61 81 8
 30 45 50 68 8
 3 10 15 24 7
 36 60 67 70 8
 49 53 66 79 8
 30 32 49 54 6
 9 10 13 60 6
 13 22 23 43 8
 22 35 43 63 8
 25 41 46 70 8
 13 24 33 63 7
 10 13 17 25 6
 4 6 23 35 6
 23 44 60 83 9
 7 13 27 56 8
 37 53 58 69 8
 11 52 74 86 9
 5 22 56 57 7
 1 31 34 50 6
 9 35 53 60 8
 2 12 50 62 7
 6 37 41 64 9
 1 18 28 33 8
 32 41 51 65 7
 36 61 64 75 8
 5 9 64 66 7
 6 8 23 71 8
 12 41 50 61 7
 11 12 42 76 8
 19 23 57 63 6
 7 26 70 76 8
 18 37 64 78 8
 60 61 69 71 7
 32 34 40 51 6
 19 31 49 74 8
 8 62 65 78 8
 12 14 25 50 8
 22 28 40 73 8
 21 45 47 58 7
 35 42 49 54 7
 3 14 36 38 4
 18 34 46 51 8
 4 13 44 85 8
 20 36 44 71 8
 1 4 6 79 8
 21 35 45 70 8
 30 33 57 73 8
 16 20 27 57 7
 57 74 78 83 8
 2 23 67 69 8
 11 26 46 63 6
 11 22 26 49 8
 29 58 63 73 8
 12 18 30 42 4
 21 32 64 84 8
 44 59 68 72 7
 18 21 34 40 7
 19 30 49 61 7
 20 22 32 41 8
 2 19 38 49 8
 16 18 28 35 8
 2 6 9 23 2
 17 70 72 75 8
 11 13 48 49 5
 12 59 62 69 9
 10 17 33 71 7
 16 25 38 78 8
 7 23 30 72 7
 15 37 65 79 8
 14 31 57 69 8
 9 21 46 57 6
 19 48 51 78 8
 11 32 40 48 8
 26 34 35 77 7
 8 22 65 66 8
 23 36 68 83 8
 4 11 15 64 6
 2 57 63 70 8
 1 37 43 76 8
 15 34 37 50 7
 10 11 18 22 8
 7 18 48 59 7
 41 42 44 51 6
 13 48 54 57 7
 15 56 78 82 8
 29 40 62 86 9
 32 47 57 66 8
 21 39 56 58 8
 35 47 49 64 6
 1 7 32 76 8
 25 30 38 56 7
 1 42 49 62 7
 12 34 46 64 8
 30 45 66 79 8
 31 37 64 70 7
 3 32 33 38 4
 1 38 55 73 7
 30 31 47 51 5
 27 30 41 52 8
 2 27 32 55 8
 14 24 26 37 8
 30 35 40 75 8
 23 24 31 49 6
 10 16 72 80 8
 10 16 22 25 6
 4 16 50 60 8
 45 48 57 78 9
 28 75 76 81 8
 27 69 82 84 8
 8 52 55 65 7
 3 5 44 78 8
 5 36 38 42 7
 29 43 81 85 8
 18 23 50 68 7
 10 21 23 41 4
 21 46 52 80 8
 49 54 68 80 8
 13 21 25 41 5
 1 5 32 72 7
 16 26 52 77 7
 2 15 64 67 6
 32 41 44 76 8
 3 9 26 38 4
 7 15 25 53 8
 6 8 42 60 7
 14 37 47 66 6
 20 32 35 51 6
 11 13 20 22 3
 20 35 43 59 7
 16 38 47 55 7
 7 36 39 48 6
 5 8 21 25 3
 1 20 61 78 8
 20 43 47 57 8
 45 56 58 66 8
 18 24 43 60 6
 3 15 53 65 7
 21 25 56 59 6
 1 29 31 40 4
 8 37 59 62 8
 29 55 75 81 8
 14 20 59 60 7
 12 19 27 37 7
 24 26 31 76 7
 13 38 71 76 8
 14 52 60 70 9
 2 28 36 77 7
 38 47 68 78 8
 4 35 50 80 8
 25 37 38 64 7
 3 9 46 70 9
 24 27 49 52 8
 7 9 22 56 6
 4 31 45 77 9
 3 30 54 55 5
 21 26 27 33 8
 1 17 19 55 6
 13 20 36 61 7
 15 17 37 51 8
 36 51 60 67 6
 24 32 75 77 8
 1 38 71 75 8
 2 17 35 68 8
 9 24 29 59 6
 28 33 48 49 5
 48 70 73 78 8
 1 8 39 44 5
 7 29 44 47 8
 17 18 46 65 8
 9 10 15 34 8
 13 18 38 44 6
 17 26 42 62 7
 11 61 79 89 9
 2 26 34 46 6
 26 39 42 54 6
 11 24 37 52 5
 4 7 46 64 8
 19 21 29 58 7
 36 51 61 65 7
 26 28 47 58 8
 16 17 27 41 5
 13 27 36 54 6
 14 30 41 61 6
 24 25 27 31 7
 24 27 45 48 6
 16 47 59 62 8
 35 47 50 55 8
 30 33 73 82 8
 5 52 53 77 8
 8 28 30 31 7
 10 38 41 58 7
 2 3 72 85 8
 5 12 27 69 7
 50 58 73 76 8
 19 36 44 54 7
 21 22 27 31 8
 28 36 68 74 8
 4 22 51 61 6
 1 5 25 37 4
 10 50 75 86 8
 44 62 63 82 8
 7 8 10 22 6
 8 39 51 54 8
 29 30 35 42 7
 19 30 43 59 8
 8 59 62 76 8
 12 33 37 68 8
 2 23 24 80 9
 21 36 38 81 8
 7 17 19 29 7
 29 75 81 82 8
 23 27 29 78 8
 29 40 69 79 9
 17 56 65 79 8
 3 7 13 21 5
 3 13 28 38 7
 3 15 32 34 8
 2 15 49 52 5
 1 24 29 36 5
 3 9 46 64 7
 11 24 37 52 6
 42 46 58 68 8
 25 43 62 63 8
 27 34 53 55 8
 6 16 25 42 8
 11 29 41 65 7
 7 34 46 73 8
 11 27 45 54 8
 11 13 22 60 6
 20 22 50 53 7
 40 59 65 76 8
 10 12 28 61 8
 24 46 62 64 8
 14 22 30 54 7
 34 47 55 65 9
 10 25 28 65 8
 3 17 46 68 7
 39 46 49 59 7
 30 31 48 53 7
 16 26 43 65 7
 9 12 25 60 7
 7 14 49 53 8
 1 21 63 72 8
 33 37 50 53 6
 4 15 29 38 6
 11 54 55 79 8
 11 41 61 68 7
 11 57 58 68 7
 9 33 39 42 5
 12 34 38 65 7
 10 37 51 84 9
 8 10 55 57 9
 18 19 55 66 6
 6 20 60 61 7
 13 15 60 68 7
 1 18 35 54 5
 1 47 50 69 8
 37 42 63 77 8
 27 36 46 67 8
 4 18 30 51 5
 12 17 71 72 7
 4 40 43 57 8
 20 24 44 61 7
 5 17 43 48 9
 3 19 32 49 6
 27 29 30 57 8
 6 7 15 16 7
 29 51 61 62 8
 15 43 48 69 7
 11 16 18 72 8
 15 30 37 50 5
 13 20 30 78 8
 36 49 71 73 8
 1 11 13 21 5
 1 10 44 79 8
 10 24 26 61 9
 5 18 73 76 8
 12 22 29 59 8
 24 33 38 53 8
 29 47 71 74 7
 21 24 44 75 8
 3 21 29 34 7
 4 8 15 64 8
 19 22 26 28 6
 23 36 71 79 8
 1 11 33 51 7
 16 23 26 62 8
 15 27 64 74 7
 15 18 27 38 8
 42 50 58 74 7
 23 33 51 74 8
 26 39 64 71 8
 6 33 73 77 8
 1 36 37 64 7
 5 42 61 64 7
 20 24 29 48 5
 54 59 65 73 8
 1 20 49 61 6
 31 43 45 56 6
 4 8 12 30 6
 13 19 20 58 6
 20 33 52 82 8
 3 4 22 29 7
 49 53 72 88 9
 1 39 51 55 6
 26 50 75 78 8
 6 10 52 57 8
 13 34 64 69 8
 24 37 60 69 7
 31 32 40 57 6
 6 12 15 41 5
 4 17 46 48 7
 12 24 58 68 7
 6 21 26 56 5
 9 46 56 81 8
 2 33 41 69 7
 7 16 17 67 7
 3 19 38 41 7
 44 49 66 72 8
 5 37 50 57 8
 2 8 32 75 8
 20 32 69 75 7
 9 12 22 40 8
 1 2 59 85 8
 20 71 76 87 9
 12 43 46 48 6
 3 17 18 33 8
 6 11 56 61 7
 10 38 44 45 4
 43 45 64 74 8
 22 30 32 54 6
 7 34 69 70 8
 7 26 31 52 7
 2 14 30 32 3
 17 58 66 79 8
 11 14 18 31 5
 21 34 68 80 8
 6 37 66 77 8
 51 53 55 65 8
 3 18 41 66 8
 19 25 40 45 7
 2 18 39 57 6
 3 36 41 58 6
 15 28 58 70 7
 7 25 28 39 6
 7 8 67 75 8
 8 10 14 30 7
 9 46 66 67 8
 10 44 54 58 6
 24 51 72 77 7
 11 19 61 62 8
 43 47 59 63 8
 1 12 32 65 8
 17 21 34 49 6
 8 19 63 80 9
 14 29 30 86 8
 7 16 20 65 7
 23 28 62 64 7
 4 74 77 78 8
 8 22 24 42 8
 9 20 34 63 7
 11 20 51 55 7
 2 57 66 67 6
 4 6 47 49 5
 3 10 28 31 8
 46 52 56 67 9
 58 63 64 66 7
 18 28 57 72 8
 10 20 44 64 8
 5 18 53 72 8
 29 33 42 48 5
 30 52 68 69 7
 4 8 44 58 6
 10 17 78 81 8
 2 43 56 67 9
 26 31 42 52 9
 7 25 29 36 7
 12 13 60 70 8
 9 20 24 85 8
 1 3 15 37 4
 53 57 62 77 8
 9 26 77 84 8
 20 36 39 50 8
 3 17 18 64 8
 20 35 46 57 7
 13 14 49 65 8
 43 54 63 65 6
 4 6 31 41 5
 2 34 67 77 8
 19 38 56 60 6
 10 17 28 50 8
 2 14 30 51 6
 10 40 55 64 6
 16 26 47 51 6
 2 14 17 29 7
 20 22 49 78 9
 17 31 48 59 8
 18 30 57 61 8
 4 9 30 83 8
 2 7 20 27 4
 15 26 54 83 8
 2 4 28 37 5
 7 13 54 55 8
 19 25 31 54 7
 44 46 50 68 8
 10 48 53 67 7
 19 65 68 78 8
 32 38 44 71 7
 4 24 27 58 7
 18 43 44 50 8
 10 34 54 80 8
 19 41 51 56 8
 2 13 17 43 7
 1 35 39 78 8
 12 25 43 53 5
 41 55 77 88 9
 14 17 30 83 8
 15 28 54 78 8
 8 38 65 67 7
 10 18 20 24 6
 16 18 60 75 8
 4 5 28 41 8
 20 32 34 54 6
 29 41 68 78 8
 8 13 20 26 8
 4 31 62 82 8
 4 21 37 51 6
 13 27 29 49 8
 23 37 58 72 8
 41 50 57 61 6
 10 13 60 61 6
 12 20 25 47 8
 9 30 44 60 6
 7 21 63 64 8
 3 4 34 45 7
 31 43 49 52 7
 12 18 55 60 7
 16 29 43 56 9
 39 43 53 64 7
 47 55 67 78 8
 25 64 78 79 8
 23 41 55 76 8
 12 42 61 66 6
 25 34 56 59 8
 19 36 51 54 6
 5 7 65 68 8
 2 26 52 66 7
 13 18 30 54 7
 7 18 19 54 6
 3 10 50 60 6
 29 40 60 69 7
 23 32 70 80 8
 30 54 62 76 8
 39 47 55 76 9
 6 12 20 72 8
 13 23 24 85 8
 12 36 40 55 6
 3 30 41 63 8
 3 35 41 72 8
 4 18 22 39 5
 13 24 27 31 7
 29 38 59 66 7
 1 56 59 64 8
 17 21 31 71 8
 16 18 29 49 6
 18 45 49 50 7
 10 32 46 67 8
 1 10 38 67 7
 10 25 60 78 7
 6 41 68 71 8
 31 54 58 59 6
 8 9 19 26 6
 8 9 43 72 8
 18 29 67 85 8
 1 48 71 74 8
 16 46 51 73 8
 35 64 65 86 8
 16 36 60 66 7
 16 41 44 49 8
 30 48 72 76 8
 34 39 55 62 8
 23 29 41 45 6
 8 16 17 48 8
 3 32 50 52 6
 8 20 29 31 4
 1 8 33 34 3
 11 17 48 88 9
 13 32 43 62 9
 7 35 38 61 8
 16 22 26 29 6
 10 16 24 67 8
 37 47 53 62 7
 9 11 14 19 8
 1 4 18 46 4
 14 17 49 76 8
 4 12 25 38 6
 23 56 61 63 8
 43 59 69 82 8
 8 9 43 76 8
 22 29 36 56 7
 40 41 47 68 8
 21 42 54 73 8
 32 50 68 69 8
 3 9 11 29 7
 20 30 33 49 7
 23 31 56 66 8
 2 24 35 65 7
 19 29 31 63 8
 43 44 63 74 8
 12 23 42 56 7
 33 36 59 76 8
 8 10 25 40 8
 34 69 78 85 8
 19 40 51 75 7
 19 23 25 32 5
 14 32 42 43 6
 12 17 29 60 8
 16 25 41 64 8
 3 4 11 53 6
 14 34 67 69 8
 42 51 60 80 9
 3 11 12 20 5
 15 57 73 78 8
 13 21 27 86 8
 18 62 64 78 8
 14 40 54 55 6
 37 46 49 50 6
 16 18 24 40 5
 4 25 60 69 8
 45 47 64 83 8
 19 21 27 48 8
 3 46 74 76 8
 36 40 45 56 8
 18 19 27 54 5
 8 35 38 44 5
 47 52 57 85 9
 8 45 46 54 5
 3 58 62 79 8
 2 15 25 32 3
 11 24 46 49 6
 15 24 32 33 6
 4 16 28 61 6
 13 23 38 45 4
 4 14 19 46 7
 9 10 22 60 8
 7 32 60 61 8
 15 27 40 47 7
 9 14 27 30 6
 12 19 39 44 9
 15 64 73 79 8
 4 8 23 47 8
 14 20 31 73 8
 41 52 54 55 8
 4 10 47 55 7
 1 34 50 59 7
 29 44 46 56 7
 6 12 32 46 8
 1 10 33 46 8
 23 29 56 67 6
 6 41 57 62 7
 13 24 41 48 7
 28 45 49 55 7
 14 24 46 70 8
 34 64 70 74 8
 12 19 46 52 5
 26 49 62 63 7
 4 6 44 45 5
 3 8 20 32 7
 7 10 15 46 7
 13 16 21 23 3
 1 15 39 52 8
 17 41 52 77 8
 3 14 47 75 8
 8 13 46 54 5
 3 12 32 40 5
 3 19 71 76 8
 18 23 32 46 6
 22 32 40 47 7
 15 25 39 42 7
 36 48 62 65 6
 16 28 51 59 6
 48 59 65 68 9
 12 18 72 80 9
 12 13 37 56 8
 13 25 27 42 7
 7 9 14 15 8
 5 18 27 39 4
 10 25 36 51 5
 7 13 17 22 2
 3 43 45 72 8
 6 23 27 35 4
 11 21 68 79 8
 18 21 29 66 8
 18 31 47 64 7
 14 22 29 59 6
 19 25 33 53 5
 3 40 58 59 8
 15 46 59 60 8
 17 23 34 55 6
 14 31 64 66 7
 2 23 50 64 9
 7 38 43 69 8
 18 64 70 86 9
 11 12 54 56 8
 5 17 41 62 7
 10 32 82 84 8
 10 24 35 73 7
 5 7 14 20 4
 3 17 53 56 5
 7 13 25 66 8
 22 36 53 54 8
 22 51 54 73 7
 12 46 55 69 7
 13 28 37 70 7
 22 34 68 87 8
 10 43 49 74 8
 3 25 45 64 7
 8 36 38 68 7
 16 31 48 62 6
 9 35 48 49 6
 7 16 52 77 8
 14 32 73 87 8
 18 36 47 48 6
 29 30 37 70 7
 19 35 38 77 7
 2 8 11 16 5
 22 26 35 45 5
 34 59 67 75 7
 4 6 50 56 6
 8 22 45 52 7
 6 10 42 48 6
 5 8 44 45 4
 16 46 63 80 8
 26 31 35 36 5
 3 5 31 74 9
 20 22 64 66 6
 15 32 34 51 8
 2 12 29 62 7
 11 20 34 42 4
 50 56 57 59 7
 14 15 71 84 8
 7 16 40 87 8
 12 30 41 60 6
 42 45 59 62 6
 6 7 41 46 8
 28 33 34 47 7
 16 25 27 54 8
 11 25 35 45 5
 7 35 36 61 8
 7 20 51 74 8
 3 25 40 43 8
 4 18 48 75 8
 6 12 45 56 7
 4 10 19 42 7
 43 52 55 81 8
 28 29 35 48 8
 45 55 69 75 8
 17 62 64 79 8
 13 24 42 81 8
 47 53 54 56 7
 27 60 62 66 8
 9 13 37 82 9
 21 24 49 66 8
 10 15 63 66 8
 34 37 60 64 7
 16 19 52 68 8
 14 36 63 76 8
 40 43 50 61 8
 12 31 58 85 8
 10 13 22 76 9
 19 21 22 46 8
 35 59 62 66 7
 18 23 29 56 7
 15 17 48 70 7
 8 37 68 74 8
 7 15 30 40 5
 49 59 60 72 7
 10 19 56 58 7
 27 31 58 66 8
 4 9 65 70 9
 20 35 47 58 8
 25 33 43 56 8
 9 42 78 84 8
 3 9 26 40 7
 32 36 47 49 5
 9 23 27 33 8
 9 20 32 59 8
 7 8 51 59 8
 1 6 15 58 7
 15 32 60 72 8
 21 44 47 48 8
 19 45 46 56 7
 6 27 57 61 8
 16 26 56 86 8
 21 26 29 39 7
 25 45 57 74 7
 11 18 22 36 5
 27 28 39 47 7
 7 28 65 71 8
 14 29 57 66 8
 32 57 69 73 8
 4 61 73 79 8
 22 30 38 52 5
 1 24 51 53 8
 37 44 68 75 7
 19 38 51 84 9
 17 26 34 45 4
 3 41 42 57 7
 1 22 28 45 7
 14 38 45 46 8
 17 40 45 62 6
 1 8 15 22 3
 2 22 57 60 8
 24 53 64 82 8
 17 29 67 71 7
 13 39 45 71 7
 8 31 57 60 7
 2 53 55 57 8
 14 45 53 65 8
 17 52 53 58 7
 25 39 53 75 9
 20 25 31 87 9
 35 43 61 67 8
 3 36 41 46 5
 9 25 48 64 8
 3 18 59 67 7
 7 41 47 48 9
 21 24 42 65 7
 23 29 42 43 6
 29 42 72 73 8
 11 15 46 70 8
 5 21 32 49 7
 2 31 35 47 5
 35 44 49 72 8
 14 18 68 76 7
 18 20 24 35 5
 21 22 44 62 8
 13 31 59 64 8
 23 42 56 72 7
 3 18 29 33 6
 9 48 59 84 9
 10 18 21 60 7
 1 22 61 62 7
 6 14 18 21 2
 25 30 40 45 7
 4 19 73 82 8
 46 52 72 75 7
 52 55 63 66 8
 16 20 25 66 7
 10 15 32 51 7
 1 2 28 57 6
 18 27 42 66 6
 7 45 57 83 8
 6 16 32 67 8
 11 12 23 32 7
 23 27 37 38 4
 18 44 78 81 8
 13 21 26 44 7
 31 53 60 63 8
 7 33 35 54 7
 24 30 51 60 7
 14 49 52 71 8
 7 15 59 68 7
 5 12 33 68 7
 7 19 20 46 5
 13 66 71 75 7
 6 25 70 82 8
 4 13 15 22 2
 6 10 36 51 5
 4 14 21 24 7
 3 25 67 69 8
 6 47 57 72 7
 14 38 47 87 8
 32 58 70 76 8
 26 41 48 56 6
 22 56 58 64 8
 48 51 55 81 8
 10 24 43 50 8
 23 59 63 81 8
 3 12 20 29 3
 17 20 52 55 6
 5 45 58 68 7
 32 34 37 72 8
 6 12 16 27 4
 32 39 55 67 6
 1 3 44 49 6
 18 21 31 46 6
 6 35 73 81 9
 35 41 64 75 7
 13 15 29 52 6
 11 36 50 64 8
 16 20 53 85 8
 1 7 28 34 6
 2 5 8 19 5
 9 15 30 41 8
 3 45 66 81 8
 7 10 34 42 7
 7 10 14 17 4
 8 25 37 56 8
 1 5 28 56 8
 3 7 16 42 8
 11 21 38 49 5
 15 50 64 79 8
 2 3 6 8 3
 1 9 34 52 6
 11 28 35 39 6
 19 32 52 72 8
 6 7 10 50 7
 5 23 51 78 8
 33 58 64 66 7
 2 21 73 74 8
 6 9 21 60 7
 7 26 32 81 8
 52 58 60 83 8
 39 55 64 85 8
 7 44 55 66 8
 35 43 64 83 8
 9 11 36 60 8
 42 54 66 75 9
 14 24 42 61 7
 8 11 36 39 7
 42 60 62 74 8
 50 53 67 88 9
 21 54 82 84 9
 1 9 19 23 7
 6 7 9 33 8
 3 19 29 49 7
 4 10 28 47 7
 6 41 53 66 7
 33 41 45 77 8
 9 11 54 72 9
 2 17 29 60 7
 25 43 48 61 8
 18 23 40 70 7
 10 12 16 60 8
 16 43 54 78 7
 2 49 79 81 8
 27 28 46 49 7
 4 13 28 72 7
 8 26 39 89 9
 3 12 29 50 7
 13 44 47 75 8
 12 15 27 40 6
 3 23 57 58 8
 10 30 42 50 5
 37 43 50 70 8
 24 40 42 44 7
 12 16 20 37 4
 17 50 58 65 8
 2 8 59 63 8
 35 36 52 81 8
 31 55 65 69 8
 12 22 50 76 8
 6 34 36 67 8
 5 10 37 56 7
 1 15 34 36 5
 4 43 50 54 6
 17 22 24 29 5
 4 37 62 72 8
 3 56 61 85 8
 4 8 33 47 8
 5 21 39 61 7
 20 24 37 54 9
 13 41 43 85 8
 10 26 44 54 7
 3 14 29 33 5
 1 3 11 19 8
 21 37 39 56 7
 17 26 38 84 8
 12 20 29 38 4
 16 35 39 40 4
 1 34 57 58 6
 3 13 38 69 7
 5 15 41 66 8
 35 50 52 83 8
 1 23 52 61 8
 31 39 41 63 7
 16 30 32 50 7
 11 33 35 38 5
 22 49 54 81 8
 8 14 56 70 8
 7 21 51 63 8
 14 44 46 48 6
 18 29 33 39 7
 15 25 65 77 9
 43 45 67 71 8
 22 32 38 45 5
 8 27 36 77 8
 40 42 52 61 7
 17 41 59 68 8
 9 13 17 19 8
 33 40 69 88 8
 41 53 58 82 9
 28 47 65 68 8
 9 43 53 79 8
 5 29 33 69 8
 2 16 34 68 7
 11 20 71 79 8
 43 56 64 69 8
 5 15 50 63 7
 35 47 57 71 8
 16 24 57 77 8
 1 49 53 75 8
 8 27 49 76 8
 6 15 41 48 8
 3 8 22 39 5
 10 22 72 75 8
 2 3 43 47 8
 22 23 67 79 8
 10 34 47 84 8
 13 34 47 48 7
 31 33 54 62 8
 22 39 43 44 5
 12 21 42 60 8
 6 14 37 46 5
 41 51 58 65 7
 34 36 54 58 8
 13 33 48 75 7
 50 56 67 78 8
 2 17 20 22 3
 6 12 14 30 4
 29 30 38 43 7
 29 42 46 50 5
 18 20 35 51 7
 22 29 56 73 8
 10 23 41 54 7
 24 31 36 71 7
 11 41 48 56 8
 17 42 61 79 8
 8 32 51 77 8
 21 23 26 37 3
 3 25 36 48 8
 6 36 44 46 8
 10 52 61 78 8
 16 42 71 76 9
 3 38 46 59 8
 6 10 57 60 7
 9 12 13 46 5
 4 41 70 74 8
 2 12 22 60 6
 9 51 52 79 8
 18 24 43 52 6
 4 8 35 42 6
 3 28 44 58 6
 4 15 23 29 5
 26 35 65 74 7
 6 45 49 69 7
 51 52 67 68 8
 18 27 37 40 5
 21 30 34 42 6
 23 27 45 76 8
 5 8 13 48 9
 15 55 65 84 8
 55 77 78 80 8
 4 42 44 63 7
 26 58 60 77 9
 9 31 48 77 7
 35 41 74 79 8
 19 55 56 58 7
 13 34 53 63 6
 58 64 75 80 8
 4 11 57 65 6
 18 23 38 52 5
 10 22 32 75 7
 5 6 25 56 6
 20 28 35 78 8
 23 25 60 81 8
 10 23 66 67 8
 3 59 72 75 9
 6 19 21 72 7
 8 39 42 45 6
 1 5 8 23 4
 7 8 62 65 7
 20 52 55 56 6
 14 16 21 34 8
 2 5 24 48 6
 1 5 12 35 8
 3 15 17 29 7
 1 32 52 56 6
 4 8 19 36 5
 11 14 35 56 7
 13 27 48 57 7
 27 29 30 31 7
 15 42 48 75 8
 30 39 46 73 8
 11 53 68 72 7
 21 39 50 82 8
 4 18 38 46 7
 3 7 14 48 5
 15 44 49 54 6
 33 54 64 66 8
 3 46 52 72 7
 10 16 51 53 7
 5 8 27 32 4
 12 79 83 88 8
 20 43 46 68 7
 10 44 58 66 7
 28 42 54 56 6
 9 10 11 73 9
 43 51 60 79 8
 3 9 10 77 8
 24 34 52 74 7
 3 31 45 50 7
 15 24 41 54 7
 16 58 73 83 8
 4 66 68 76 8
 5 22 34 62 7
 18 31 69 70 7
 10 19 65 80 8
 24 46 47 53 9
 17 19 36 55 7
 11 12 35 59 7
 23 51 52 75 8
 3 16 26 57 7
 26 27 59 76 7
 13 41 52 71 7
 7 8 17 50 6
 20 24 31 57 7
 10 26 36 37 7
 10 64 68 73 7
 6 8 22 23 6
 2 13 20 29 6
 20 36 41 44 6
 33 45 53 55 5
 4 38 43 51 8
 15 18 31 32 8
 16 23 24 72 8
 18 57 65 70 7
 40 43 64 75 8
 6 21 40 48 7
 19 46 58 65 8
 2 49 69 71 7
 3 18 22 32 6
 13 47 49 57 7
 15 25 40 51 6
 17 27 34 40 7
 22 44 53 55 6
 13 17 18 47 6
 1 20 46 53 5
 15 19 37 49 6
 9 20 23 55 6
 6 19 54 58 6
 28 46 58 59 7
 13 15 31 32 8
 2 13 43 74 7
 28 31 47 84 8
 15 22 60 66 8
 13 33 84 85 8
 2 9 10 19 8
 56 63 77 80 8
 8 50 64 67 8
 6 7 16 25 7
 3 14 33 52 8
 2 22 47 80 8
 13 52 56 75 7
 2 3 20 62 6
 7 9 19 49 8
 17 35 58 67 8
 2 26 41 47 6
 23 32 36 54 8
 15 18 54 59 6
 6 23 27 37 5
 40 43 54 80 8
 35 49 56 65 7
 24 33 46 61 6
 3 15 21 22 5
 8 29 60 63 8
 17 19 68 74 8
 36 45 56 76 8
 38 52 58 84 8
 25 36 61 81 8
 14 18 67 87 8
 4 15 22 35 8
 17 54 73 86 8
 38 57 61 67 6
 4 23 62 77 8
 23 42 45 84 8
 7 34 52 53 8
 7 25 41 48 5
 2 33 48 52 5
 6 12 32 34 8
 29 37 74 81 8
 29 44 48 72 8
 23 28 37 54 7
 11 23 37 39 6
 27 40 55 65 7
 8 31 37 61 7
 10 17 19 23 4
 22 24 29 74 8
 19 38 43 63 9
 20 49 50 79 8
 18 24 27 46 6
 13 44 63 85 8
 4 10 39 44 7
 16 41 65 80 8
 25 33 37 46 6
 26 32 56 64 8
 1 44 55 61 6
 15 16 33 62 7
 14 24 30 58 6
 4 7 25 70 7
 22 30 33 36 9
 2 12 28 63 7
 5 12 62 75 9
 19 23 25 53 7
 3 10 23 84 8
 44 47 48 55 6
 1 25 62 70 7
 39 50 51 59 7
 11 35 51 53 9
 3 34 38 40 6
 12 15 42 45 8
 5 17 77 86 8
 8 49 53 64 7
 6 33 73 76 8
 3 13 15 56 7
 8 47 65 77 8
 4 62 73 79 8
 44 45 49 56 9
 11 13 40 55 5
 55 72 73 77 8
 4 42 44 72 8
 20 21 29 36 6
 21 24 42 57 6
 10 18 57 64 8
 10 19 31 73 7
 29 34 44 74 8
 6 11 19 25 7
 25 34 49 68 7
 3 39 69 76 8
 26 53 61 70 8
 25 34 46 51 5
 3 16 19 57 6
 12 33 34 46 8
 15 30 34 44 4
 13 47 66 73 7
 7 47 50 72 7
 34 47 49 51 5
 7 11 13 76 7
 55 69 72 73 7
 2 61 69 78 8
 25 26 30 40 8
 7 41 53 86 8
 14 34 46 57 6
 22 25 59 64 7
 18 19 35 44 8
 24 44 60 64 7
 45 57 69 86 9
 10 58 60 82 8
 20 24 41 84 8
 3 8 26 36 6
 21 22 56 84 8
 24 32 40 83 8
 3 11 42 53 5
 8 20 22 56 8
 17 21 49 63 8
 13 30 39 47 7
 21 57 69 85 8
 29 40 51 56 7
 16 38 50 51 8
 16 35 57 70 7
 8 12 32 37 4
 18 31 40 49 7
 3 34 43 57 5
 3 27 53 61 7
 4 18 37 77 9
 28 46 61 63 9
 6 21 25 60 6
 30 54 59 84 8
 4 41 50 71 8
 48 51 58 65 6
 24 58 63 76 8
 1 21 76 86 8
 28 39 41 58 6
 5 46 61 85 9
 33 42 48 64 7
 23 33 57 73 8
 39 40 48 74 8
 2 34 36 50 6
 7 14 69 86 9
 31 37 40 47 7
 2 42 70 71 8
 28 48 63 72 7
 20 61 77 83 8
 2 3 62 63 6
 2 22 33 37 4
 9 50 67 75 7
 10 69 70 76 8
 14 20 42 43 9
 37 41 58 60 6
 29 32 75 77 8
 2 46 58 68 7
 12 18 48 71 7
 28 48 68 80 8
 10 15 24 43 6
 6 12 33 68 6
 3 13 24 35 4
 13 46 56 73 7
 28 35 42 51 7
 38 64 83 85 9
 20 24 71 77 8
 31 32 53 55 6
 6 20 47 49 6
 40 42 47 76 8
 6 8 26 44 5
 9 30 35 45 7
 22 25 28 71 7
 17 23 41 52 6
 12 15 25 38 6
 17 36 71 73 9
 33 34 84 86 8
 3 7 30 33 8
 36 52 60 69 7
 1 18 60 79 8
 3 9 14 73 8
 4 26 38 44 8
 10 24 33 41 8
 3 16 74 75 8
 11 12 57 83 8
 44 49 70 72 7
 4 7 19 25 6
 10 15 35 41 5
 23 27 33 75 8
 16 38 49 50 8
 18 21 27 31 8
 7 8 10 15 6
 6 11 27 69 8
 21 67 71 78 8
 21 38 68 70 9
 9 24 39 65 6
 15 16 25 42 5
 22 48 57 66 6
 9 16 37 55 6
 6 16 47 84 8
 36 42 53 56 6
 8 11 33 61 8
 12 27 32 49 6
 13 24 27 30 6
 15 28 36 54 6
 1 29 51 52 8
 4 22 25 77 9
 6 20 28 46 8
 61 78 80 81 8
 24 46 48 70 8
 6 20 23 65 6
 11 24 25 34 7
 33 38 39 75 8
 21 26 37 71 8
 23 37 63 81 8
 6 7 46 56 5
 10 39 54 72 7
 5 11 35 53 8
 4 58 75 84 8
 39 55 72 74 7
 23 34 69 79 8
 12 42 44 78 8
 22 67 68 72 8
 16 40 54 82 8
 4 8 22 27 7
 3 6 40 47 4
 1 44 57 60 8
 6 11 15 38 5
 18 24 51 74 9
 20 41 49 56 6
 2 36 46 49 5
 21 35 48 52 6
 50 67 74 75 8
 14 18 50 65 8
 2 12 26 42 7
 10 11 13 56 7
 20 44 54 63 6
 38 42 67 71 7
 38 56 62 70 8
 19 29 69 72 8
 34 68 71 72 7
 11 14 31 51 6
 23 45 71 76 9
 26 35 53 61 6
 1 51 66 68 8
 38 64 67 74 7
 19 25 47 64 7
 11 33 65 68 7
 14 55 66 67 7
 3 5 57 80 8
 13 21 31 73 8
 11 29 54 73 7
 29 39 54 64 9
 4 7 29 79 8
 13 19 43 49 9
 3 26 30 45 7
 29 35 64 83 8
 2 13 21 36 7
 1 37 43 56 8
 65 67 70 71 8
 24 29 55 56 6
 4 25 28 62 8
 13 40 49 82 8
 30 32 45 46 7
 1 14 17 54 8
 14 43 59 85 9
 10 12 27 29 8
 3 35 44 69 7
 14 25 26 28 8
 16 45 74 78 7
 35 49 64 69 7
 5 7 12 65 7
 6 26 57 63 7
 25 37 51 60 8
 61 65 66 83 8
 13 19 35 37 6
 2 31 36 43 8
 9 20 23 52 5
 26 27 45 53 6
 45 49 71 78 8
 21 42 47 69 7
 19 23 54 56 6
 1 6 7 16 4
 41 60 66 68 8
 24 26 57 75 9
 13 21 32 38 4
 1 18 28 70 7
 3 5 58 67 7
 8 10 22 32 3
 12 23 47 59 6
 4 7 24 29 3
 19 44 50 62 7
 33 54 71 76 8
 4 17 42 63 8
 37 43 60 66 8
 42 69 74 85 8
 14 42 53 67 7
 13 29 66 71 7
 4 17 39 49 8
 51 59 64 75 8
 7 8 15 50 8
 23 69 80 83 8
 23 29 68 71 8
 35 48 60 70 8
 23 28 30 41 4
 12 17 39 51 8
 5 41 62 82 8
 3 38 59 65 8
 55 61 75 81 9
 4 16 37 41 6
 3 16 72 76 7
 50 53 54 61 7
 21 36 38 47 5
 12 25 39 86 8
 13 69 76 86 8
 5 32 36 38 4
 7 19 28 56 9
 41 59 67 72 8
 9 33 50 79 8
 12 16 29 67 7
 7 14 18 40 6
 24 28 68 70 7
 12 18 67 78 8
 6 7 16 27 5
 17 29 32 33 7
 46 47 55 73 8
 14 42 46 77 8
 6 42 44 57 8
 7 12 27 41 8
 18 37 41 58 7
 10 33 47 70 8
 12 31 39 45 8
 14 28 60 69 8
 34 36 38 46 5
 8 21 61 65 7
 17 21 29 59 6
 3 29 34 61 6
 19 61 62 74 8
 12 28 45 62 6
 11 45 51 63 6
 9 13 55 66 6
 9 34 48 55 6
 12 14 38 63 7
 27 35 49 50 7
 15 19 29 47 6
 14 39 44 48 6
 13 23 67 77 8
 15 24 31 36 7
 1 3 60 75 8
 6 30 34 36 6
 4 21 51 84 9
 15 43 62 66 7
 4 26 62 73 8
 23 39 43 45 8
 38 41 51 83 8
 3 16 34 46 8
 7 20 34 67 7
 5 12 36 75 7
 23 55 66 67 7
 2 14 31 47 5
 26 56 65 69 8
 2 24 47 75 7
 11 23 39 50 6
 7 24 44 51 7
 13 17 33 43 4
 28 33 34 40 8
 2 10 41 60 6
 3 8 21 68 8
 8 29 53 87 8
 6 30 51 79 8
 16 51 56 63 6
 20 42 52 53 8
 32 37 53 84 9
 6 39 45 56 7
 14 22 47 75 7
 11 16 33 53 8
 42 47 50 65 7
 8 44 47 48 7
 12 29 42 62 6
 3 50 60 77 8
 18 21 55 68 7
 13 21 60 71 8
 16 25 41 47 5
 18 20 40 79 8
 1 22 67 76 8
 23 30 43 52 6
 34 38 43 60 8
 28 75 78 82 8
 9 18 32 48 7
 17 40 83 84 8
 2 9 19 62 6
 20 37 64 68 7
 26 49 59 76 8
 40 42 51 58 7
 42 66 67 72 8
 13 21 33 49 9
 29 40 52 58 5
 14 24 33 52 8
 13 43 49 59 6
 10 23 26 45 6
 1 9 20 27 4
 3 26 41 67 8
 10 14 40 46 8
 22 34 47 77 8
 6 31 66 79 8
 1 22 59 67 7
 6 33 43 50 5
 2 10 49 66 8
 1 2 9 47 6
 25 35 38 49 7
 31 34 56 69 8
 29 43 63 68 8
 1 10 12 31 7
 22 23 32 42 7
 28 38 45 68 8
 6 18 31 60 6
 12 28 81 82 8
 20 25 56 73 7
 23 24 37 50 5
 17 30 60 70 8
 3 31 52 54 6
 36 55 73 74 8
 18 19 43 54 8
 31 40 41 55 6
 9 51 59 73 7
 13 17 28 50 6
 6 10 18 28 8
 32 37 50 63 6
 39 50 72 75 8
 17 22 27 30 3
 12 32 48 50 6
 42 45 67 78 8
 1 35 59 79 8
 8 12 34 37 8
 1 2 33 51 8
 28 33 51 56 7
 12 23 38 61 6
 21 35 36 48 6
 5 47 70 80 8
 5 25 44 82 8
 13 24 41 47 8
 12 28 37 51 7
 22 33 50 62 6
 3 18 20 41 4
 12 21 26 56 8
 7 10 18 47 6
 1 25 46 48 4
 13 60 72 75 8
 38 51 64 74 8
 11 29 35 44 6
 6 22 26 50 5
 22 34 50 64 8
 20 36 39 43 5
 1 3 25 69 7
 34 42 53 54 8
 10 39 71 76 8
 18 47 65 75 8
 7 14 15 45 8
 33 40 42 69 7
 32 33 68 73 8
 11 15 19 57 6
 4 29 31 35 9
 2 3 12 78 8
 3 9 15 32 6
 24 34 54 81 9
 7 17 57 70 7
 41 47 49 59 6
 18 25 27 34 5
 9 12 32 34 3
 21 49 62 63 9
 13 28 44 46 9
 6 18 53 61 6
 29 34 36 59 8
 2 17 32 50 8
 2 13 30 40 5
 14 19 22 65 7
 6 20 26 47 6
 20 53 59 72 8
 18 39 41 62 7
 12 26 47 58 8
 1 46 55 66 7
 1 17 23 59 6
 10 23 24 57 8
 25 46 52 57 7
 3 9 55 64 7
 12 22 30 56 6
 3 19 65 86 8
 15 19 36 53 5
 30 41 45 59 7
 34 38 42 73 7
 6 35 73 76 8
 30 47 67 70 7
 23 59 66 72 7
 32 45 49 55 7
 2 14 36 42 7
 17 21 64 71 7
 5 10 58 84 8
 11 34 52 65 8
 19 23 52 77 8
 4 35 38 55 8
 11 30 53 68 7
 19 49 65 71 8
 10 18 60 68 7
 32 40 65 76 8
 15 50 57 64 7
 1 17 36 53 7
 38 43 61 73 8
 25 36 44 58 9
 1 19 30 39 8
 1 39 58 70 8
 14 35 37 58 8
 17 24 38 39 5
 17 58 69 83 8
 3 10 36 40 4
 3 28 43 46 8
 23 28 47 50 7
 5 69 71 81 8
 22 31 66 77 8
 37 46 53 73 8
 8 11 25 34 6
 14 53 65 74 8
 3 12 14 51 5
 4 31 72 82 8
 11 15 56 58 7
 53 60 61 85 9
 5 33 34 57 7
 22 40 42 51 5
 38 48 54 56 6
 3 9 21 29 7
 12 21 77 84 8
 27 56 70 80 8
 18 42 62 69 7
 3 10 46 70 8
 5 12 32 47 6
 7 18 24 63 7
 9 10 22 36 6
 4 5 42 52 6
 16 18 33 37 7
 8 24 28 38 8
 13 60 64 69 9
 5 21 33 68 8
 22 45 67 68 7
 35 38 43 56 8
 39 56 69 75 7
 28 48 57 66 7
 53 61 67 76 8
 21 36 42 65 7
 15 25 49 51 8
 5 19 26 43 6
 13 15 67 79 8
 14 18 36 55 8
 11 21 32 50 7
 1 15 33 35 4
 2 5 67 73 8
 7 12 36 44 8
 11 28 51 63 8
 28 38 45 46 7
 23 33 48 63 7
 35 39 45 47 8
 3 26 46 65 8
 14 26 49 58 8
 14 18 27 47 7
 9 45 53 74 8
 5 10 15 28 3
 14 23 57 82 8
 11 31 36 58 7
 7 27 62 66 6
 18 47 55 71 8
 34 68 69 87 8
 13 22 43 45 7
 17 24 34 35 4
 5 15 34 53 7
 28 44 57 88 9
 40 51 60 66 7
 24 31 57 66 7
 9 43 46 60 6
 14 22 48 75 8
 14 19 47 49 6
 17 20 35 44 6
 9 15 46 48 8
 1 3 35 42 7
 8 13 49 57 5
 3 11 51 53 6
 18 34 58 70 7
 5 46 49 52 5
 14 19 54 64 8
 45 50 75 86 8
 26 49 64 65 8
 8 17 51 67 7
 25 35 75 79 8
 5 10 37 54 7
 1 41 44 51 6
 6 39 42 52 7
 6 9 31 35 7
 7 8 15 23 6
 9 11 29 78 8
 20 22 24 25 4
 29 32 51 63 7
 29 45 49 61 7
 37 45 75 77 8
 4 49 54 76 9
 5 6 55 75 8
 60 69 76 77 8
 7 22 40 74 7
 29 30 39 55 6
 4 26 34 55 8
 21 29 30 38 8
 38 42 44 76 8
 6 11 53 59 8
 13 15 41 55 6
 8 29 32 80 8
 12 29 48 70 7
 8 13 37 73 7
 1 16 35 44 8
 29 47 49 71 9
 10 15 29 39 4
 13 14 23 25 3
 3 37 61 70 7
 3 11 27 39 8
 6 25 30 32 4
 21 42 71 75 8
 12 29 37 40 4
 1 6 27 49 6
 1 2 47 53 5
 6 20 23 54 9
 5 23 33 34 3
 2 15 18 44 7
 33 34 51 64 7
 13 18 26 34 4
 14 20 29 33 3
 12 15 69 80 8
 16 54 55 63 7
 3 10 20 71 8
 1 9 37 54 5
 4 16 33 49 8
 3 10 59 72 8
 37 58 67 78 8
 1 7 10 35 8
 5 25 35 36 5
 13 49 52 66 6
 10 28 30 59 8
 36 46 49 68 7
 1 53 68 73 7
 5 19 50 62 7
 17 28 48 54 8
 13 26 45 77 8
 2 19 29 84 9
 11 17 65 69 7
 10 19 32 55 6
 37 61 71 77 8
 9 18 29 56 8
 19 51 65 84 8
 27 38 62 72 8
 5 25 41 52 8
 4 6 20 23 6
 2 12 56 80 8
 12 22 29 33 6
 5 17 45 53 6
 4 6 23 42 8
 5 28 33 58 7
 3 26 27 31 4
 8 27 34 51 8
 2 31 38 54 6
 7 9 52 59 8
 42 65 68 75 7
 7 13 34 87 8
 2 31 48 75 8
 14 20 50 73 7
 3 70 73 77 8
 7 34 42 45 5
 7 8 22 39 7
 6 39 53 66 7
 5 40 42 79 8
 21 32 73 77 8
 3 4 13 79 8
 4 37 40 66 7
 19 29 51 64 7
 31 37 53 54 7
 8 57 63 75 7
 1 5 31 34 5
 23 31 42 71 7
 22 25 82 83 8
 30 32 43 53 5
 17 23 29 45 8
 20 36 74 80 9
 4 17 38 67 7
 1 15 35 46 4
 4 9 23 50 8
 9 20 23 56 9
 31 45 65 71 7
 7 23 26 70 8
 10 38 51 67 8
 22 29 64 83 9
 4 14 26 67 7
 3 8 20 21 3
 28 44 48 78 8
 4 36 51 69 7
 15 17 41 56 8
 9 14 21 59 7
 24 58 67 70 8
 6 34 52 82 8
 12 21 55 70 8
 25 82 84 85 8
 14 15 25 56 5
 30 52 56 76 8
 20 21 24 37 7
 7 24 37 44 8
 12 18 38 56 5
 7 15 24 38 4
 42 62 69 78 8
 19 36 43 51 8
 13 49 71 77 8
 16 28 42 44 6
 22 35 54 64 8
 6 20 27 69 8
 6 37 41 60 7
 23 44 51 71 8
 24 43 62 82 8
 23 28 56 69 7
 16 18 36 78 8
 1 7 16 41 6
 51 64 67 73 8
 13 41 47 80 8
 18 24 46 63 8
 13 41 43 51 7
 22 28 36 61 8
 1 10 43 54 7
 6 9 69 73 8
 9 19 24 32 7
 7 26 59 73 8
 3 11 27 38 7
 8 67 74 85 8
 11 15 21 60 9
 14 19 27 37 5
 1 4 26 46 7
 32 36 79 87 9
 17 40 72 76 8
 2 8 16 34 4
 1 50 66 73 7
 7 13 57 69 7
 5 8 46 63 7
 11 27 53 67 7
 24 54 64 77 8
 39 74 76 78 8
 33 46 49 82 8
 37 40 48 65 7
 19 24 27 61 6
 8 17 34 51 7
 4 14 22 38 8
 1 25 49 62 7
 17 25 44 48 7
 9 13 24 54 6
 9 14 26 60 8
 1 12 13 15 2
 49 51 56 81 8
 9 12 45 65 8
 3 33 46 59 7
 16 38 40 65 7
 20 55 64 73 7
 7 52 58 62 6
 5 27 45 46 4
 12 19 35 42 6
 3 5 19 20 4
 7 12 24 30 7
 23 26 33 37 6
 26 33 38 47 5
 7 9 19 42 6
 8 12 24 26 8
 1 49 64 67 7
 16 61 71 77 8
